!WIKI
Title
!keywords: kw1 kw2 
Content nbadsfdsf
dafdsa

!bib: 
LastNameAuthor1yyyy:
    Author1, Author2, ..., AuthorN
    yyyy
    Title
    link/publisher/journal/etc
LastNameAuthor1yyyy:
     Author1, Author2, ..., AuthorN
    yyyy
    Title
    link/publisher/journal/etc
!history: 20181104
 20181106 20181204 20181204 20181204 20181204 20181204 20181204 20181204 20181204 20181204 20181204 20181204 20181204 20181204 20181204 20181204 20181204 20181204 20181204 20181204 20181204 20181204 20181204 20181204 20181204 20181204 20181204 20181204 20181204 20181204 20181204 20181204 20181204 20181204 20181204 20181204 20181204 20181204 20181204 20181204 20181204 20181204 20181204 20181204 20181204 20181204 20181204 20181204 20181204 20181204 20181204 20181204 20181204 20181204 20181207 20181207 20181207 20190107 20190107 20190107 20190107 20190109 20190109 20190109 20190109 20190109 20190109 20190109 20190109 20190109 20190109 20190109 20190109 20190109 20190109 20190109 20190109 20190109 20190109 20190109 20190109 20190109 20190109